tasks
  0
  822
  863
  
nempty
  6
  
avec
  5.13 5.13 0.00
  5.13 0.00 5.13
  0.00 5.13 5.13

atoms
  1                                 : nspecies
 'Si.in'                            : spfname
  2                                 : natoms
  0.0 0.0 0.0      0.0 0.0 0.0      : atposl, bfcmt
  0.25 0.25 0.25   0.0 0.0 0.0

ngridk
  4 4 4
  
autormt
 .true.
 
swidth
  0.001

wannier
 .true.
 .false.
 4 2 2
 4
 1 2 3 4
 1 1 1 1
 1 1 1 1
 4
 1 2 3 4
 1 1 1 1
 2 2 2 2
 1 4 0.0
 5 8 0.0
 1 1
 2 1
 1 2
 2 2
 
wannier_lc         ! px,py have a (-1) phase
 .true.
 8
 8               ! 4 bonding WF
 1 0 0 0   1
 2 0 0 0  -1 !+
 3 0 0 0   1 !+
 4 0 0 0  -1 !+
 5 0 0 0   1
 6 0 0 0   1 !-
 7 0 0 0  -1 !-
 8 0 0 0   1 !-
 8
 1 0 0 0   1
 2 0 0 0   1 !-
 3 0 0 0  -1 !-
 4 0 0 0  -1 !+
 5 0 0 -1   1
 6 0 0 -1  -1 !+
 7 0 0 -1   1 !+
 8 0 0 -1   1 !-
 8 
 1 0 0 0   1 
 2 0 0 0  -1 !+
 3 0 0 0  -1 !- 
 4 0 0 0   1 !-
 5 0 -1 0   1 
 6 0 -1 0   1 !-
 7 0 -1 0   1 !+ 
 8 0 -1 0  -1 !+
 8
 1 0 0 0   1 
 2 0 0 0   1 !-
 3 0 0 0   1 !+ 
 4 0 0 0   1 !-
 5 -1 0 0   1 
 6 -1 0 0  -1 !+
 7 -1 0 0  -1 !- 
 8 -1 0 0  -1 !+
 8               ! 4 anti-bonding WF; second Si has (-1) overall phase
 9 0 0 0   1
 10 0 0 0  -1 !+
 11 0 0 0   1 !+
 12 0 0 0  -1 !+
 13 0 0 0  -1
 14 0 0 0  -1 !-
 15 0 0 0   1 !-
 16 0 0 0  -1 !-
 8
 9 0 0 0   1
 10 0 0 0   1 !-
 11 0 0 0  -1 !-
 12 0 0 0  -1 !+
 13 0 0 -1  -1
 14 0 0 -1   1 !+
 15 0 0 -1  -1 !+
 16 0 0 -1  -1 !-
 8 
 9 0 0 0   1 
 10 0 0 0  -1 !+
 11 0 0 0 0  -1 !- 
 12 0 0 0   1 !-
 13 0 -1 0  -1 
 14 0 -1 0  -1 !-
 15 0 -1 0  -1 !+ 
 16 0 -1 0   1 !+
 8
 9 0 0 0   1 
 10 0 0 0   1 !-
 11 0 0 0   1 !+ 
 12 0 0 0   1 !-
 13 -1 0 0  -1 
 14 -1 0 0   1 !+
 15 -1 0 0   1 !- 
 16 -1 0 0   1 !+
 

wannier_plot
  0 0 0
  20 0 0
  0 20 0
  0 0 20
  50 50 50
  8 1


plot1d
  7 200
  0.0   0.0   1.0
  0.5   0.5   1.0
  0.0   0.0   0.0
  0.5   0.0   0.0
  0.5   0.5   0.0
  0.5   0.25 -0.25
  0.5   0.0   0.0
  
